6228925790841632203
6228925319008721643
6228924704393165822
6228921956478432032
6228924410973508623
6228923044122709635
6228921843026340152
6228925272493360084
6228922112935034047
6228929368402714023
6228924125673209083
6228920610224731358
6228928457306340212
6228921032945467283
6228920946127205338
6228926123357901820
6228928112427530046
6228921052491380376
6228924370352921860
6228927243308411296
6228928534061129274
6228926415343109078
6228928495226134030
6228920461297845103
6228928236531012470
6228920536491831272
6228922482161709303
6228921306794840312
6228925142433620071
6228926530811042742
6228922405360241178
6228922390346114725
6228929003422543817
6228922053432069847
6228923840311259467
6228922456180731423
6228929258763043411
6228923934245102768
6228924628710213430
6228920986423123401
6228921381206924057
6228920425631704391
6228927430160224359
6228929865432237041
6228920572431840961
6228923102857962044
6228927124318520390
6228920922410318534
6228924541680332209
6228927290640453311
6228924571001283324
6228921208024751936
6228921684049271350
6228922433161249075
6228924101242063893
6228925134037014228
6228928325174010423
6228929721620145330
6228927452068032931
6228920140317392452
6228922410705924331
6228921049870432352
6228922439213174680
6228920072349618435
6228928104673039242
6228927390521841203
6228929436134827205
6228923249782114350
6228921443972062513
6228920221147503394
6228923849457030212
6228923104417053262
6228924216347508920
6228924321015742369
6228923531601429478
6228925084941127320
6228924678451203310
6228920793216524483
6228925343710461922
6228929082325140364
6228928251427160930
6228925801226944330
6228923026328497041
6228921710438095324
6228927291830454260
6228923652104842037
6228926409202317318
6228928915243064023
6228921034105972842
6228928213547936002
6228923118432609507
6228921224403513609
6228924097261403528
6228922239104806473
6228928052371903214
6228921493608740251
6228922020715983146
6228925703149426013
6228921410857694203
6228926282170493041
6228924332514621798
6228925017644093231
6228922091026843457
6228928214203107456
6228924324618395217
6228922642081135970
6228921401849330267
6228924217205913384
6228924328765391014
6228921012256344087
6228922756820191044
6228929324014138250
6228926124803214573
6228924712248030539
6228921746034528293
6228926091021385344
6228923280469715301
6228921447250298063
6228928121546320907
6228920930142128654
6228920504113463722
6228927032934418621
6228926143231020975
6228926110339824702
6228926412203591370
6228929030378125462
6228920315063248479
6228927360084915341
6228921903702423851
6228920834517043926
6228924765284320903
6228925821401437690
6228922027890644511
6228929617340502381
6228922168014307923
6228928316079421430
6228924470056191228
6228928951212400674
6228925198206440712
6228923137850404691
6228928739620532044
6228921143723865920
6228928347130261925
6228921602421874339
6228928673453201924
6228922113563794042
6228920442916213587
6228921367429054082
6228929213442183705
6228920233251764410
6228924511097836422
6228920164395728312
6228920541962827031
6228923915760022834
6228924700854216192
6228922364305918241
6228922311204364780
6228927420308911243
6228923346598010412
6228927536304802429
6228925421367384291
6228927092164480323
6228924112370025394
6228925202910764413
6228927084142359623
6228922286500411349
6228926018475029432
6228920273845104162
6228924710221643305
6228924632209185407
6228923446859032211
6228925133192846400
6228924917340206283
6228921305140368242
6228923879422601104
6228921108245393602
6228929038316517402
6228926012373024458
6228923700143592826
6228923471350264892
6228928644502931723
6228924720811620353
6228924303294116508
6228926404012352319
6228923460221740831
6228923309217210568
6228920375104238241
6228921604702839432
6228924086314173252
6228922617530124380
6228927015323410289
6228924951386240230
6228923204658141390
6228922609103175243
6228927149416325008
6228928452612703410
6228929120332406587
6228923532162404710
6228925013627048324
6228926402531028497
6228923083146791452
