6216611390216704359
6216610526064219738
6216612457347820165
6216612876491378506
6216614798351608792
6216611934026948317
6216617249142708936
6216611472178039562
6216614278495863071
6216612465178095423
6216616149387410695
6216610673285109436
6216617681149760538
6216610147462578109
6216617638138402965
6216615216416930527
6216610674431689257
6216610249246381059
6216617402076985324
6216611265145932086
6216619165713425890
6216613925325840917
6216610543568129034
6216610264592487063
6216619152867940253
6216612304826597034
6216616542150849327
6216613428427658093
6216612087509126743
6216612360912860573
6216616085467908235
6216615768235946718
6216610364371960824
6216613219561084739
6216612705405812679
6216610972043279865
6216612634971263504
6216615701140538279
6216612609325746019
6216619738953018264
6216611450340891572
6216611564489372061
6216615148123947805
6216615234578236910
6216614937736510824
6216613248395206481
6216618265713094852
6216616027375281906
6216615870140629378
6216610164169024573
6216612068230954871
6216618547189350472
6216618537741098532
6216614729784623519
6216614097801395647
6216613160260937841
6216615864346078951
6216611640871395042
6216618034392857416
6216613849460792581
6216617508568249713
6216615063821365947
6216616289219650784
6216617135708439651
6216612179508947213
6216619263495260731
6216619452472156930
6216613572043985621
6216611062139086745
6216617198950417632
6216612847472635198
6216615629357829410
6216612675671980254
6216617810521903847
6216617021948702631
6216619756356471908
6216613508457182930
6216616974950618732
6216610725073451268
6216618517420961857
6216616731035492871
6216617026245168703
6216610126804519763
6216619036847953602
6216619315821649705
6216613165195834706
6216617564529630741
6216615483715926043
6216619407249078563
6216614763946827513
6216615961690375281
6216617942325410687
6216616423153092467
6216614697962571380
6216611584850361429
6216615963296583104
6216612149517462938
6216618543975268410
6216613760012756938
6216618541589273164
6216619271056124978
6216615342915238074
6216619076149238607
6216617459350814976
6216611260128574690
6216611630890672415
6216610952491207586
6216612564751963082
6216616189690315248
6216618709985412706
6216616401658239701
6216617842594617283
6216617540598123467
6216617820285643079
6216615246802746913
6216612316407361528
6216610813632549087
6216612938834217509
6216614670981750436
6216618105413890526
6216615618819375246
6216616081089745136
6216611725381605274
6216618625432018965
6216619681749865213
6216613594294851036
6216610312607152938
6216613986813097562
6216610784028631759
6216611659017856294
6216617046106249835
6216611368806513927
6216610657492561873
6216617163470813259
6216619084326109548
6216617216369015487
6216619861479836215
6216613608631049785
6216610762917523084
6216614780069173582
6216617108097423815
6216613679652098347
6216614358017824693
6216614560894602517
6216614215834659071
6216613054495068123
6216614902537806219
6216618469049326718
6216613589241897360
6216611298019867254
6216619231078265143
6216614506860425791
6216614362028417956
6216610351624895013
6216614812023678541
6216617034175238960
6216618246180435297
6216613601302916847
6216619561014283597
6216612013012947538
6216615362340975268
6216618164549316872
6216610459214653709
6216610596324568079
6216612695605947312
6216617568681907354
6216614935640572831
6216617983534601927
6216610356674893152
6216612184930472586
6216611457016753429
6216612863685712430
6216612714069524731
6216612315815460732
6216615729419327560
6216618514754682039
6216611438685409213
6216616541345907821
6216614027230745681
6216616259196702534
6216617280835964270
6216612914209135867
6216619138219758463
6216618341906524813
6216616395604981235
6216616952978315024
6216618425742315896
6216612047739512408
6216615907531426079
6216613527549360287
6216615713731489206
6216612093218643057
6216610685267548910
6216619380593418062
6216611936594132876
6216614259380596421
6216613091627839401
6216614137560129437
6216610475203716845
6216615279573604921
6216612741610593824
6216618130450387162
6216614163796140358
6216619846284150397
6216616879328709541
6216610134368175204
6216619460547028139
6216611783637105248
6216612816607845139
6216616039260751983
6216616902459137026
6216616384150693478
6216614598637952018
6216619874479583126
6216610785836459201
6216618179416092738
6216610258231549706
6216617280410938625
6216619724684023519
6216611537457861029
6216612403097635482
6216617453471920685
6216613409175962038
6216618360072984531
6216614837320986715
6216616194841569273
6216612418394180675
6216619410910462738
6216616054843697251
6216615716605432719
6216611037517206394
6216615089639870452
6216615126150432678
6216611467846351729
6216619716605748231
6216619176419068327
6216613571604927381
6216611497614785029
6216611360694123580
6216610357930254781
6216615934731642098
6216616017047689523
6216612346401683792
6216615207945306281
6216614275710439852
6216610179425970361
6216616245867253941
6216614712173695428
6216616428679342158
6216618390746208593
6216615168741683592
6216617913982746105
6216612095960814372
6216610576941207386
6216618469968251347
6216619167860731245
6216613025097825361
6216615763510832476
6216616341413756890
6216614897689421530
6216613417403952618
6216616412295813407
6216613512835094716
6216619013928317054
6216613584374519062
6216613687561327408
6216615210138740296
6216610629804752316
6216619750975680314
6216615817607982354
6216617456147820395
6216611563047629158
6216617812371450869
6216616250827043695
6216619703956412738
6216619174012864973
6216614503743198250
6216615173205184376
6216615076584296701
6216612306273160459
6216615637125896374
6216610348289716403
6216618390237914850
6216616041608951427
6216610518049678231
6216613648784652310
6216619023284561790
6216619307308496152
6216615936273058461
6216619524170938652
6216618469092153764
6216615012264781395
6216616085230179564
6216618123398716024
6216614061218647359
6216611693763194028
6216619483201389764
6216614308067341852
6216611526964218073
6216614803930467825
6216619471294308156
6216613954720183659
6216615196054369217
6216610372375418260
6216610627862750143
6216616180926071458
6216611746729183460
6216613276748123059
6216617413965134028
6216618914701826534
6216611893958632071
6216615042023987641
6216610452924578016
6216616120895647031
6216614635802413579
6216612960758930264
6216611245819573204
6216619018502673489
6216617386802647195
6216616724406372519
6216611462879241306
6216611925514926387
6216616973164235970
6216612738615374028
6216619574367284051
6216618692967280135
6216615279952314087
6216616351365742980
6216611243671450928
6216612047507462839
6216612503086935147
6216619536423758069
6216615120425673981
6216612851465238710
6216611308425681739
6216614362487651239
6216614763314859726
6216619742865417329
6216611093827369140
6216618096134605782
6216618352536187249
6216618193376905184
6216615108543826917
6216618072569830417
6216611329481597023
6216614209408361257
6216616324491270365
6216611473827169345
6216615234785621340
6216614263574208361
6216615321709832654
6216613860569342817
6216615937143608529
6216615082862719540
6216612985752184093
6216616703259436810
6216614732430295876
6216619763987165403
6216613064196523078
6216614203042591783
6216613658836174592
6216618329576842193
6216616178174680532
6216610217315607294
6216614739431869702
6216615618951462370
6216611584369084215
6216615978164059782
6216619321362584019
6216616504562907481
6216611248796045328
6216613015932704815
6216613086265918704
6216619518403619587
6216618976735402968
6216619375596038147
6216618426308241579
6216618469851367420
6216616953680145932
6216610369982564370
6216614125136759204
6216614680780941325
6216612130592834710
6216618049436915028
6216618374093864251
6216612813342691758
6216618293365287490
6216619824461038259
6216619380169285034
6216610475041259387
6216610243312897056
6216613196867501923
6216618469270591468
6216619314819270364
6216618105809463251
6216616140416058379
6216613280864190372
6216618946314625087
6216616073961283405
6216614275256013847
6216614125156807349
6216616082207169483
6216614576357648291
6216613749680214597
6216612976041573968
6216617925874239561
6216613026630971524
6216617045012983754
6216618942789321046
6216616783083542971
6216613275427935801
6216611380082645371
6216616084240871596
6216617159843601925
6216614782045827396
6216619630962301587
6216613914647920315
6216612543856091327
6216619561960724513
6216618501926751038
6216614810564219387
6216612091718035296
6216610234871932460
6216614506543612097
6216615624297406531
6216614190014538276
6216610735693584210
6216612517345791802
6216619271619025784
6216616917908542637
6216614581503981472
6216619816405768231
6216614615948126037
6216619346391860542
6216612586183672405
6216619028427031859
6216611687352097148
6216617165139285764
6216614893709365182
6216618120720458961
6216619756370192456
6216617564379826415
6216619428625370981
6216612496137804562
6216616704429875163
6216617238570483162
6216612458950638721
6216612871371540869
6216617135253948061
6216615931691342578
6216614195761942805
6216613549241850936
6216612891952867403
6216611478762805194
6216616297923108564
6216610637573892604
6216617064246780531
6216618206126438097
6216618513146957832
6216618709842513760
6216614270974163852
6216614105108475239
6216617831863429057
6216619846490825631
6216618371945086237
6216610548597304618
6216614219173245689
6216617284315840672
6216617430053928614
6216619850183470925
6216611369625847391
6216612408240519637
6216619730643918507
6216619137024639187
6216618394635917480
6216615832862370945
6216615169268301475
6216617048027836149
6216617346937814650
6216614208620985314
6216614826537819624
6216611308407152639
6216610796913850476
6216614529274390581
6216615081354960271
6216613902761892530
6216614076978245301
6216610742905437628
6216611483641957028
6216619732560394218
6216614519452968701
6216619450026153798
6216612718348960152
6216611860102437895
6216616145943051786
6216610365497815602
6216613497305961284
6216617458736018452
6216619426564328071
6216616372234951078
6216615847198307546
6216619157350984726
6216616473792183064
6216614076803921654
6216618456312587096
6216612467361902857
6216619201253689471
6216618640291457308
6216611320197658324
6216619687514079862
6216615319594802673
6216618470179534028
6216615802837520619
6216616047632854917
6216615604723614089
6216611562628137049
6216610319829653041
6216611593946581327
6216617150845239670
6216618194584230196
6216612431307159628
6216613905713058962
6216610734429781035
6216613870612985704
6216615132312408569
6216611368178495036
6216619840602498135
6216611534170893526
6216615816783691045
6216617391284197560
6216615243845720691
6216618715896120473
6216610967205713864
6216618915186920347
6216619153862741953
6216610794839124075
6216612903360895271
6216617351729684130
6216617951819462753
6216614810247836091
6216613521092561847
6216616912952370846
6216610618849572306
6216617802958634710
6216612045864907153
6216616437738026194
6216611324914865230
6216616918164820739
6216615601361270459
6216610726357089416
6216618124549286013
6216615107213895746
6216615976465837219
6216611569347592186
6216619723720165849
6216611526947521680
6216615789415807693
6216617980850263479
6216613198658017924
6216619201254960137
6216617203378642915
6216612365568230741
6216611796342069581
6216613714027936815
6216610245406182759
6216610583358467102
6216611624436078521
6216612546061752384
6216614156385942710
6216617984267034581
6216611672407219386
6216613048798264350
6216610827647352981
6216619283278069153
6216618920347192650
6216611850182754609
6216618534945026173
6216614217260734859
6216615291128956347
6216618293648097531
6216611523438627095
6216619271832957604
6216614329387915462
6216617439149872605
6216612063568037241
6216618430913875602
6216617386471650293
6216617619032975416
6216616140260385194
6216613428096475132
6216613284729648350
6216616029379208146
6216619361273680594
6216614125617980423
6216617234346571902
6216614950703412596
6216617085196732480
6216614736710932654
6216618120907836452
6216610827594703861
6216619607162098573
6216611826542670193
6216614708869470152
6216616915831274560
6216613940562081479
6216619850749032815
6216619138387564921
6216610192362750849
6216619658465210938
6216616052981372540
6216616341459132680
6216613954782459036
6216615863693475820
6216612736859703246
6216616921934210675
6216613576512970368
6216612196429086571
6216619703394125860
6216619405614752839
6216611053250179438
6216616580365714892
6216611492817402369
6216613657583420719
6216611670214598637
6216618079567134982
6216614287532768941
6216616142518974206
6216610421423718659
6216618032273598460
6216613574962038715
6216616249486327510
6216612806536749281
6216619480289746501
6216611602294870163
6216615201591380726
6216616845584169203
6216614386396517482
6216617259096173842
6216611062172954830
6216618374153980742
6216615961625194308
6216613294615340789
6216613487197432065
6216612319984032571
6216617643083796245
6216612396658190427
6216618306834025197
6216618392894701563
6216612563762185934
6216611904304976521
6216611920815396240
6216613027108925463
6216610578732985614
6216618340526709348
6216612786526471830
6216611439817659342
6216615796769208541
6216612904428375069
6216613261276409815
6216611463190564782
6216610719860254973
6216613150134275809
6216613629762903458
6216611207875310624
6216617831906247315
6216619453205647398
6216619018432819067
6216610573237519860
6216610625356102749
6216617651419658720
6216615378406583271
6216611259160728549
6216610384925708346
6216613407609547382
6216619530134672908
6216617902724895136
6216610756031648972
6216614681459063728
6216612789205679184
6216615783287631509
6216611350127384956
6216610586539268714
6216618641578096423
6216616329549821306
6216613254705914283
6216619346168092453
6216616129567498231
6216615431607528391
6216612851142308756
6216616432629583017
6216619763527196843
6216613054679305482
6216610796034769215
6216619510709863241
6216614658930416527
6216610354463510279
6216611487902748631
6216613087819274056
6216617486794263081
6216613784528309476
6216610975035419768
6216615076643102879
6216614015681524379
6216610674935471682
6216611079106795482
6216612760435978026
6216611893714208359
6216618069052194678
6216618720962071345
6216617084956301472
6216616524160253974
6216611657074358219
6216619047734291085
6216616053246051387
6216614603172063859
6216614290512978630
6216618361135492860
6216614751495186207
6216610716097682354
6216616351823697145
6216619136186975302
6216618975034196852
6216610245680291754
6216612590985314072
6216610358964257801
6216612731574062389
6216619012069254718
6216612830492735180
6216613480751369240
6216611675361279845
6216611458763418592
6216616079941570632
6216615901623950174
6216619361280654791
6216612674287451903
6216617941053246918
6216616341307496528
6216618409290435167
6216616154806139527
6216613289087695214
6216614598350198476
6216612035506218479
6216615806287604139
6216616324165209738
6216617081204967135
6216611794973514068
6216618615920743185
6216619250710368294
6216619135597263801
6216615267928750413
6216612691409873621
6216617415031625987
6216612035163807954
6216617039619824053
6216615198742501693
6216615341769182340
6216615184250649813
6216619217128763945
6216610954183260579
6216610751013265479
6216619173480136927
6216614053509821734
6216616923819460235
6216610231679805342
6216616184387402915
6216619817048325967
6216610287198543267
6216618629746198352
6216618640086279135
6216619584087265943
6216619602851693207
6216613518072835416
6216612537904361287
6216614065673154820
6216616180092643815
6216611095742186093
6216616382125907364
6216612845637501984
6216615736436285079
6216613612174350286
6216615241042317568
6216610648257138946
6216617143176832504
6216611360820935417
6216618542804967253
6216614539263504879
6216610371298160735
6216618319014865937
6216617960682713954
6216614326039675821
6216611594368951074
6216617861814962075
6216618361197204358
6216611972703916452
6216611482986710245
6216618941295140876
6216619075429153870
6216614537896432105
6216610635098631745
6216616437978021654
6216613481706931825
6216616154470658123
6216614075039284751
6216612041027153649
6216618739437596182
6216611365079643582
6216619562517038294
6216610425914062875
6216619320485639021
6216610785516427809
6216618142879265140
6216618264750126389
6216614103463205718
6216614721649753018
6216610136951473286
6216616108104237658
6216614290837192456
6216613985246501789
6216611846829603541
6216612631416952078
6216614785854720316
6216616830835102479
6216616530697840213
6216615172032871956
6216611784172983054
6216616037789306451
6216611054671952803
6216613978716480923
6216614152624839517
6216614861548201763
6216613279120653847
6216618241583091726
6216613569063514892
6216618412462019753
6216612401150879342
6216615749934608175
6216617543572619084
6216618134128904367
6216614139310689427
6216614952385096124
6216616901602583749
6216618412426839107
6216616087589043721
6216610843718305496
6216611034967285410
6216616734102437596
6216611948135289467
6216615291910584672
6216611892901278645
6216615206637142085
6216618460021953847
6216617169710892546
6216611247179280653
6216612904390758421
6216613578180253694
6216616928572639081
6216612361139256840
6216615904326184507
6216612643267015384
6216612631762154398
6216616712716392480
6216616930456982301
6216612489968314527
6216615108972035864
6216618931562913804
6216619250380297451
6216610192625843710
6216611037819563472
6216617195081524397
6216618764135782604
6216618963692058734
6216619470816709453
6216616012185790634
6216615972091275648
6216619031192705864
6216610478036271849
6216619021304215896
6216616195069872345
6216611650046127583
6216614703426398075
6216614879219058734
6216612639645308192
6216617125642071853
6216615183173056294
6216614931382946750
6216614217507813264
6216614278071896245
6216613054403512879
6216618095043518976
6216615816019287564
6216615406386017245
6216612319175680923
6216610732035412967
6216611052935781460
6216612680854917602
6216618354872395041
6216618732543608291
6216610148613857904
6216610514930546718
6216611320286153704
6216617543456082719
6216619861613540879
6216614178703489561
6216619340567019842
6216613486809756341
6216618354319785064
6216614936738091642
6216618576316054289
6216610821417658392
6216617390356741289
6216616293901384527
6216616148807562943
6216614713641029538
6216619102185026794
6216610315420965387
6216616032436259807
6216612954924176508
6216611675083174652
6216610742348527901
6216614932091735286
6216619615453170682
6216615938628409135
6216617504051967843
6216613610841352609
6216616590196087243
6216618140407635182
6216614369534296180
6216616087957412038
6216617804376418052
6216616385740261958
6216615749178293065
6216615701056841379
6216613415429361580
6216617458870923514
6216617036340621875
6216612617786390154
6216611982890621734
6216618964567098342
6216617614467138509
6216613168084126793
6216613524367802519
6216619258587631094
6216613094927481563
6216619435203568419
6216615198824193057
6216617631097563284
6216619036537980264
6216616394123789450
6216614178435127890
6216616915192640738
6216617304723695814
6216614620806735924
6216613750107932485
6216616519641508932
6216618205753812046
6216617126327409816
6216613469028395176
6216617601281367409
6216610259847315260
6216617415589047123
6216615843267089413
6216615019021984567
6216617164067342951
6216612130794132568
6216610475379146805
6216615794853109267
6216610987456013829
6216619846783259610
6216619104648301279
6216610754352416789
6216618750531620894
6216613240308519746
6216619527297145386
6216615438416397802
6216615980685421790
6216610176368719520
6216615692148052639
6216617462287195640
6216611329481937256
6216615719143768925
6216612710401765382
6216618917013764528
6216615489952643071
6216612385059821347
6216610671952613840
6216614379312487560
6216612948963854102
6216615921906725148
6216611650653190478
6216611075039157864
6216614816467098531
6216615629630891425
6216619325657189430
6216614925793120846
6216618720745390268
6216611807658203479
6216614263794186530
6216612649079462135
6216616289190643752
6216612701231875690
6216617586403618725
6216617503329845710
6216611350641582390
6216610985341829705
6216617481301852967
6216616482519472306
6216610374982416307
6216613975308142756
6216612368724530689
6216613497287904351
6216618463173089526
6216615628926057438
6216612097839421675
6216618314281695370
6216617125184906273
6216616940281670453
6216614839204397861
6216611457814632079
6216610925729143856
6216617853236954807
6216615264487530296
6216613295985271406
6216619351268391704
6216610189574190623
6216610914927461850
6216618759158023794
6216614815275839140
6216616042759402861
6216613610791840256
6216610243597804631
6216611956481957326
6216617024398276104
6216619465369518742
6216613127419275806
6216615743521839067
6216611950615480329
6216611736385019627
6216614591765192038
6216614871135967024
6216614173261793054
6216614903678450291
6216612615263405987
6216616047586307241
6216612071529874013
6216619243264193708
6216613682123794608
6216615692736150294
6216615092254609387
6216612940012983574
6216611425621735489
6216615310465392710
6216612716307285964
6216611546298034675
6216610983508163429
6216613175370189256
6216612073659407812
6216612061095128376
6216614287509312648
6216614679504371269
6216612096768439205
6216616938654389127
6216619650719854620
6216619067827305146
6216611729480319567
6216613869413572986
6216610283103587964
6216615046958413062
6216611305593741028
6216617956059321847
6216611273986354017
6216614816207964513
6216615197820465371
6216613890867904531
6216611596841576029
6216612970765829104
6216610139240769513
6216611508038412569
6216610485542963870
6216613065186790342
6216610486513794206
6216617618638259407
6216618647840621795
6216610832987453162
6216610296623840179
6216610638198035672
6216615364947382501
6216610328534862179
6216614178908763415
6216613481710925483
6216610614543169208
6216610174468732019
6216615104183250974
6216610789653940287
6216616143013976245
6216617251781069324
6216616074724813506
6216616529641289075
6216618047546130278
6216618641391576802
6216611042514978362
6216610853426381597
6216619512475910826
6216616392341265087
6216617942230485917
6216614386369457812
6216610391034895271
6216612730829546137
6216616148673245108
6216611647390827561
6216615389854927106
6216618521689352701
6216619634706392481
6216615809412597083
6216615684786910452
6216615142496235817
6216618065395874601
6216619673196435827
6216611486734952801
6216615431489210537
6216610189204915673
6216614780982164735
6216618710087241569
6216611782740163892
6216615238613259084
6216612976963275104
6216616940463270895
6216612587548076219
6216614698413795680
6216617108650394872
6216612480951736284
6216614617312648590
6216611847723589641
6216612436698317405
6216615362213067958
6216617942472950318
6216617054280136475
6216612436048375291
6216611824138270569
6216610815375210896
6216611483167958324
6216611504049258617
6216616854089367451
6216615781715234098
6216611753274095168
6216612946083421756
6216614216846153720
6216616128325871946
6216612489625487031
6216615064782460931
6216617349508729364
6216614792036928451
6216618159568104972
6216611650716904283
6216613025976185423
6216610456562931407
6216613051437692501
6216613541986123450
6216617365186204953
6216615019457180236
6216614187032718956
6216612894245703698
6216619382531804296
6216611475450732916
6216613890710598462
6216611578614597230
6216613685137659084
6216611042076124835
6216616798854309721
6216616740549123067
6216614126803146275
6216616082842397650
6216612310274160985
6216616531582796143
6216613627346512870
6216617328079632541
6216614160487695012
6216615748517809436
6216612851436071895
6216611862643859017
6216617210741596830
6216613071493816572
6216619681358197204
6216612846650948712
6216615371082143657
6216613607136794528
6216612453236709845
6216614350794120583
6216619704203816497
6216612591450813762
6216619154509683214
6216618307807429365
6216617152463758902
6216613692469587021
6216618056810376249
6216616851825071639
6216619738643028517
6216616584642593180
6216612903296714538
6216613179984621503
6216614702648901325
6216618524814362057
6216617508125076439
6216614298675098213
6216610578348176209
6216616817274186395
6216618923840793526
6216616945032657894
6216616437192783460
6216613247435120869
6216611543903572681
6216612741425607839
6216610218384917605
6216614123489503162
6216610236692174530
6216615802501769283
6216613709081372956
6216614562743128659
6216615738641238570
6216616483239854671
6216616490093185672
6216619356906283154
6216617254609741382
6216619754983467501
6216612934126547093
6216617250159637082
6216616784176425089
6216612453659308721
6216619641136297584
6216619170297348061
6216614258698257143
6216618605938246507
6216619421859401726
6216610398695178420
6216610142653719480
6216614620297465318
6216617601137402596
6216613406159427603
6216618593812350697
6216614715529681407
6216619452684725910
6216612507917263580
6216613679523487601
6216618293927640158
6216610496274069831
6216614537839764150
6216610187527136089
6216619648247185096
6216610149496218075
6216616237610524879
6216610876138675092
6216616507814365902
6216619258632894517
6216610597836451902
6216618954780425163
6216615423340685719
6216617245185973604
6216612078032461597
6216613145062931475
6216619704156827934
6216617192926087314
6216618607896357104
6216615106952084367
6216615910473250691
6216619234415693207
6216615268485062713
6216614168586473910
6216617653921753846
6216617429062389145
6216615963602738914
6216618203160274983
6216614396708325194
6216615967806513492
6216615316631748590
6216615623853924176
6216618624094376825
6216612179976524813
6216612361749618530
6216613842418956372
6216614659521043697
6216611302351046927
6216615160073568249
6216619647562891304
6216611483180574396
6216616231706395284
6216610839756048132
6216618601316704529
6216613167014386792
6216618243265379084
6216616807713964028
6216612431346870512
6216618527796180324
6216613618361598472
6216610842327810549
6216612695062375948
6216613587786925104
6216611428134502897
6216613716578902614
6216616571821076943
6216611385987205461
6216616257341698750
6216614093467095312
6216611978218045967
6216615240542316790
6216619143960713452
6216619817968253701
6216618165372169485
6216614503796450318
6216616782856942130
6216614201908213654
6216618340610359824
6216611674302648795
6216618094671830492
6216613429890345721
6216613971397564821
6216612390205764389
6216613910328940571
6216613704619425730
6216618012046719235
6216614361983721045
6216617539815472096
6216612439250871463
6216618342810425679
6216614137054718329
6216615048358901724
6216618107539178264
6216616389237610498
6216611947032168459
6216610369095648273
6216616384763240951
6216617658136072548
6216613165345091827
6216612583560317982
6216610467609785413
6216612831201368574
6216618972809431726
6216616214081234795
6216614726364579821
6216611468763504289
6216619710196208437
6216617291397160852
6216619647418309267
6216617809975120368
6216615390842751906
6216611827738295406
6216618107310628794
6216615398218504796
6216615380637481250
6216617902704153628
6216613817598370421
6216612405390178462
6216611852078461953
6216619746304716892
6216610394508734961
6216610124097165384
6216618210759410823
6216614592809423765
6216616548029618435
6216617253958026471
6216616429457038629
6216613245298167534
6216618134329467018
6216615291930712584
6216618014619847523
6216618124835917240
6216610634543768210
6216618951271830456
6216617189640372895
6216618475012738654
6216616857561904738
6216613125963107254
6216613782520947381
6216612958894205367
6216611903720198463
6216611564178032695
6216619036170695238
6216614503053948712
6216610749954703821
6216610179304698512
6216615760857092146
6216612463743185296
6216616704958423106
6216618074935146028
6216617016827096415
6216619187913426578
6216617659035268914
6216617562235481769
6216612769827491305
6216618049850271463
6216614295147306295
6216619473901463825
6216614135085713642
6216617283157634028
6216619837593782064
6216612510791324068
6216611293234571069
6216616524869471352
6216617869960317254
6216615740126098347
6216616023904235861
6216619087286910475
6216613607827594061
6216618194105948327
6216619216012967483
6216611965547926801
6216611976560849217
6216610781920738461
6216616392740532918
6216612185406785923
6216616743407528169
6216611638845390716
6216615027185730942
6216612068328576109
6216615496461028593
6216615162615238947
6216617329851293476
6216619371584109723
6216610845054396718
6216612049693210854
6216615697075318629
6216619537719065842
6216616825471369085
6216616238962810453
6216615849302758916
6216619608428356071
6216610718938067215
6216610681539847612
6216613680785912406
6216613085032678194
6216618475864325197
6216619015520967381
6216616132472503896
6216612597632914758
6216613792702956413
6216616153365192078
6216611762362051794
6216612387038457612
6216611482481372950
6216613697237084961
6216619326647295018
6216617261078236519
6216614297093165827
6216618254903762481
6216617306781520364
6216619576675284013
6216618024096742158
6216614958406589213
6216615391720659384
6216613157290536814
6216613496159482760
6216613409815362907
6216615419270158946
6216619204739206458
6216618301254738061
6216612769294160583
6216614530381527690
6216616854612597043
6216613207958160347
6216613258456870931
6216611325176329854
6216610638483156902
6216618396529671340
6216610935927835016
6216614026897023645
6216617214497301268
6216613469792406351
6216610936068592371
6216618367564273918
6216614807952136784
6216613057076291485
6216615782593128064
6216613185546209173
6216615386416897325
6216613417674053829
6216617194731092564
6216610769876031954
6216610493765231048
6216618217867035419
6216613481836279015
6216613659487360592
6216618251823750469
6216613106735194068
6216619457572806913
6216618320204198376
6216612397827145639
6216615780508297163
6216619178076189543
6216610345836514297
6216614176482691073
6216612310384629705
6216610925174082936
6216610941214678503
6216611760295387106
6216616207205638947
6216611479538246719
6216618257581927436
6216613275564783902
6216611604847015632
6216618349192805763
6216610537597602348
6216613468694730815
6216611894042971358
6216611685640927183
6216617086065983271
6216616720631089725
6216615719527936108
6216615087601794532
6216610195206413578
6216616283475281390
6216610873543906218
6216619812629108354
6216617395378952106
6216617352864279501
6216617908689320514
6216618315708392514
6216610874802639451
6216610376803695142
6216615279480532691
6216616284951432087
6216612178847069312
6216611854469701382
6216617059478652391
6216616074640958712
6216617015197046258
6216610365645127930
6216615420580273914
6216611360094236187
6216617816804369175
6216619125124938506
6216612067521804739
6216617052390581624
6216618064721095438
6216615213456729130
6216613218365194270
6216611468750613924
6216614751172406853
6216619568403169578
6216610647356124798
6216618637129463875
6216610849421083567
6216612754976841520
6216611283692143507
6216614263320568479
6216616087294178053
6216612671385617940
6216610264782956043
6216616082305467289
6216619207716824093
6216619705308946712
6216613297149530867
6216611857289673154
6216613749584207316
6216615934173628450
6216613740789341265
6216615138790213568
6216615412542701386
6216613275207861935
6216617601853091276
6216615218829071635
6216618374570182496
6216615136709623841
6216615782018257649
6216613459230568174
6216618230265843710
6216618430519786420
6216610867514902386
6216610386318049675
6216616728405719628
6216616342762549103
6216616925982073451
6216615047807396215
6216619042451879063
6216616825530918267
6216617598162583049
6216616321023819765
6216611673965302148
6216613698208149763
6216612196915072836
6216610298256481903
6216610748834915670
6216615923149380267
6216610125952016738
6216619286182764590
6216612519053462897
6216618136026517894
6216612496602378541
6216611023174203896
6216617091347205169
6216611832952106438
6216616379529364718
6216619108354106287
6216612814830214769
6216619310237860194
6216615079072486513
6216611875570261398
6216614879289347501
6216613480084392761
6216616735584021976
6216613742379012684
6216616239802354719
6216619135937054826
6216619462794026315
6216615187590718634
6216616319832974156
6216610658782091346
6216615623053879261
6216610521021786534
6216610751215478360
6216613459973286140
6216611059657821049
6216618096310548972
6216612408581234970
6216617904689714253
6216618054207386914
6216610792713659208
6216614236652107493
6216618136608253741
6216617283936402781
6216613205805974236
6216614792987153604
6216615018816705492
6216615249531790842
6216618463201574869
6216616981567408392
6216619841148367095
6216618465970145683
6216619431843657921
6216613725456870193
6216616372057362814
6216617148890367542
6216610325052194367
6216612581436012759
6216610491394268107
6216616824356782014
6216617126247635901
6216618930812635407
6216616341459321780
6216618923539682740
6216613458713490865
6216618675534861207
6216612594403695278
6216618059197580436
6216612907378145096
6216615374916237850
6216613806235801946
6216613642409782153
6216612639045391672
6216617089314569207
6216617903934605182
6216614025329457180
6216611249835721904
6216617321320641789
6216618759178296035
6216619012169285403
6216611864194025783
6216610219401638952
6216618423475362809
6216610795941360582
6216611927804265731
6216610139582174963
6216617698768154902
6216611375140963285
6216613681275601398
6216619504039726485
6216611597678510349
6216611652839761425
6216614013237680419
6216612984276905384
6216615423861290437
6216613258958234710
6216614290647108392
6216615672509168237
6216615907017259438
6216611845685703921
6216611804571234968
6216617982253017486
6216619685502437896
6216615047201839754
6216618215169034728
6216618621968051372
6216619681421680975
6216611702651709432
6216612157628134075
6216613482875149026
6216613107389642507
6216616295367802149
6216617290230714598
6216617601721583069
6216611539135026987
6216614923537042819
6216616785769830514
6216614276982061475
6216617643481752936
6216616231736290814
6216611428354869072
6216617265318902576
6216615827624317859
6216614725456318792
6216615416703268459
6216613819825469170
6216612497356824791
6216610923780354196
6216619612932187506
6216610182298357160
6216612643958312640
6216614782354701268
6216619076431607892
6216617263520394781
6216612081530692817
6216617189160279584
6216617315912506487
6216618093152384967
6216610924268340751
6216613957407135289
6216618694860354129
6216611594287590614
6216613015201935867
6216614892081296543
6216616235906234758
6216611926947186325
6216614086634710529
6216615243601459732
6216615236582649703
6216613204678052931
6216614756432165908
6216616438698234751
6216619023416509732
6216619237891367054
6216618241264130958
6216611945652108437
6216616530659103784
6216615849912648753
6216616287539672841
6216617258061835742
6216614957218403756
6216613015752849310
6216616824805429376
6216616127061752349
6216611620671823594
6216618527031586427
6216618269892174065
6216615416069823174
6216611728813720496
6216610315014328976
6216610874295648130
6216617620534167890
6216612863238590647
6216612069831472956
6216610876851629374
6216611235697813052
6216610791423176085
6216615630195427806
6216617035409625873
6216614051498602153
6216612604203748156
6216616298931704826
6216613407791502348
6216619321526349078
6216619071620385791
6216618254058496213
6216613741578310269
6216617840267859301
6216617365457982613
6216618749280914765
6216618601845319672
6216614725416905327
6216617940781059364
6216610139809627534
6216611209368024715
6216614752974023816
6216611426539410287
6216611347971286435
6216611890904627318
6216616197104523978
6216617426627384015
6216612156947652830
6216613908584390167
6216619678236015978
6216615019509136487
6216613794174035896
6216616791576910843
6216615120308692471
6216610128678104253
6216612038587926103
6216613869157024369
6216612604147698352
6216618905482593106
6216614623285396104
6216614729139874205
6216619138521973608
6216614736269014357
6216613207091463725
6216615086820741395
6216615782421850679
6216618672410597368
6216613897917028435
6216614325364128079
6216619684021468397
6216618451730984621
6216618476130528947
6216615402912873045
6216617840240397861
6216617291749658120
6216616027095376824
6216618259413695870
6216614302543786902
6216617436358791264
6216616953075294863
6216611046197850236
6216614750035978462
6216613458083564721
6216613760057341629
6216611736421358069
6216613967248905613
6216616852590426873
6216610843632980175
6216616952354186097
6216611978472319856
6216610542492358607
6216615910574013829
6216611728026584173
6216613794497381265
6216612563674823159
6216613974409672538
6216613472821639457
6216613517520386419
6216615281658702143
6216610429287069354
6216614613089632547
6216615831138024579
6216619182218950734
6216615849308547162
6216618370592863140
6216618264062148359
6216616037586913072
6216612647476312089
6216614851136087259
6216618536719645830
6216617038968401235
6216619168875614093
6216611094074925831
6216611045195604827
6216612816315789640
6216613627120398754
6216616527903875246
6216611986192547063
6216619831028431796
6216612039908571364
6216614168218405367
6216618364051892347
6216610816058312947
6216618034958246731
6216612048105426879
6216616341509348612
6216616271324810659
6216611083152806793
6216612780783910542
6216619587745231086
6216611405124807659
6216610831716350289
6216611048983567120
6216616314698310275
6216614967874503216
6216617932508761432
6216613876217305849
6216619465195024836
6216613106047925683
6216615930608149537
6216613974872063195
6216613847304862519
6216617129685190247
6216617260986245310
6216612843582469107
6216619528340285176
6216616974841296530
6216613780487263159
6216612160670941385
6216614596891675432
6216617089476082513
6216613056460298751
6216616378316289075
6216611675281350679
6216614786834520769
6216616148132047965
6216617352134758960
6216616435869023154
6216615461914520863
6216610856124687903
6216618432643805921
6216617496097613258
6216612403913675028
6216617149143527896
6216615931796820145
6216616785096157834
6216618504718450236
6216616405715326089
6216619428832691704
6216616371816473590
6216619671106352947
6216619524064721385
6216610862048693251
6216615860306495721
6216613915381095674
6216611390419032578
6216616518326859174
6216619316195420687
6216614192059423168
6216613179345209678
6216617601809457623
6216614351917238640
6216613926198724563
6216615674965738240
6216614971814926753
6216610163146053729
6216610214106849725
6216617358815203764
6216613870914582370
6216617126169205748
6216616701487036915
6216616295629037518
6216612138169358472
6216619740427351096
6216610639821670493
6216610218807321694
6216614309780623419
6216612685032578496
6216618302348529071
6216619645684572910
6216619453908164572
6216617064259418673
6216616890279548301
6216615163394718526
6216611532390712548
6216616785031974258
6216617692458172093
6216614915714698320
6216618462872943061
6216616250283594076
6216614370023974861
6216615419401537862
6216615048842735601
6216611835972138054
6216613581162740598
6216619785735406819
6216611274856031249
6216618359236451098
6216611869075482169
6216610129862453109
6216614278473521698
6216619684850364291
6216619572314065972
6216612318290513687
6216610823802675139
6216616735984023576
6216610294572613490
6216611805152497068
6216617384605728419
6216616105752893164
6216618305064859713
6216612061367419085
6216612538536408912
6216610348510476293
6216611762590268437
6216617032321748509
6216613871695327140
6216610497076132948
6216616375371529480
6216610416691472085
6216611658548726903
6216612071960813427
6216613496291768354
6216610631592346807
6216614275386514972
6216616253934716805
6216618406238967104
6216613546304589671
6216612308012768493
6216616942316075824
6216616203894012673
6216610768501372984
6216613872716295438
6216611435037145289
6216617659974128356
6216616298149563780
6216619653542103978
6216614759694521837
6216616725052864731
6216611273195623047
6216611863956038174
6216610216784320695
6216618051651832490
6216616917186345709
6216616073875692314
6216615480831526970
6216611390029148753
6216619762104573982
6216611329276439801
6216612786715298046
6216612519694087135
6216617892269574308
6216610675052681749
6216610752641278930
