15092460158
15052407691
15082345710
15058926714
15078432016
15068209347
15028036795
15081054963
15010623894
15059248067
15039264751
15084037619
15007163498
15089154230
15023487091
15072359648
15017309586
15038409612
15054908723
15034570286
15051329460
15062541738
15098214076
15006481295
15049205136
15049857623
15020178594
15082495367
15094671350
15049735820
15062475038
15006238475
15093826074
15073829506
15027193864
15091586703
15006157932
15072508139
15076813042
15018023495
15003472856
15048217605
15064728105
15041765893
15065293078
15042659738
15083592604
15070631248
15074860521
15017234690
15073106829
15051780649
15016023587
15023704691
15031548729
15056037489
15035920147
15042357960
15041297635
15027634518
15005438917
15071689542
15049230785
15057293640
15097485013
15010823476
15001947386
15046210389
15073492068
15069830241
15028451930
15035479082
15090347568
15092165704
15058291673
15047160583
15098156347
15048632195
15082539640
15049813760
15060458319
15029014567
15009254761
15018574236
15085371690
15003782615
15009468537
15015674382
15005167483
15086152309
15057204916
15047165089
15098647512
15094385102
15085940637
15010379468
15068473109
15049350621
15095063748
15065197034
15082017964
15056019437
15080429157
15093741025
15038652417
15049271035
15009841375
15024615938
15036728954
15051427698
15007683214
15071056942
15041570983
15035417028
15008412937
15071502986
15061807342
15047083562
15012795438
15058273064
15050689437
15018560294
15098361507
15006237985
15020495631
15013268095
15098541732
15027913056
15074035628
15069413720
15029153768
15090378512
15017698452
15097842315
15064923851
15043852670
15074961350
15020849517
15046795208
15004659713
15050426817
15035068927
15015387640
15032068457
15070524318
15056408312
15038427590
15002674583
15096345812
15001798236
15063058742
15017562034
15084627319
15086235109
15079560184
15050792384
15087942653
15091756403
15069378140
15083207591
15061279504
15021043956
15027198063
15062983401
15080312974
15020396851
15098617035
15084579201
15076038524
15047310526
15085091243
15006759284
15069152380
15031796540
15092756310
15098703614
15092763081
15093126507
15029385470
15087165024
15076405923
15094538120
15031870926
15081563794
15039418562
15014256798
15015023648
15059380162
15061407938
15065821943
15002871694
15045728603
15039158467
15043195278
15034752061
15078501964
15097651304
15028196073
15030419862
15062815749
15005312869
15008375461
15024967801
15047261803
15098746350
15094302617
15004327186
15037590126
15029174508
15037814659
15074516923
15058073614
15028597341
15020596384
15097024835
15086905741
15065943180
15059028731
15070892145
15092047863
15062583047
15083201964
15035841906
15069274085
15031986240
15005483629
15028164359
15048209135
15025046718
15053674912
15029158403
15039467052
15072531908
15065932071
15059610784
15030471892
15056271930
15016842579
15084657310
15081620479
15038269754
15010372859
15012045689
15008635419
15049723610
15018325679
15049256780
15096470283
15076014538
15097048251
15065109483
15065934701
15025674809
15056203984
15095862347
15016054237
15041035968
15030164528
15072654891
15032197056
15031680925
15074028169
15010952876
15063152049
15007842519
15023758901
15039571860
15057268104
15074185693
15051748069
15094352087
15030841795
15073416928
15056092138
15092768153
15050921783
15098103246
15098247635