31011819770706001X
310118197707060036
310118197707060052
310118197707060079
310118197707060095
310118197707060116
310118197707060132
310118197707060159
310118197707060175
310118197707060191
310118197707060212
310118197707060239
310118197707060255
310118197707060271
310118197707060298
310118197707060319
310118197707060335
310118197707060351
310118197707060378
310118197707060394
310118197707060415
310118197707060431
310118197707060458
310118197707060474
310118197707060490
310118197707060511
310118197707060538
310118197707060554
310118197707060570
310118197707060597
310118197707060618
310118197707060634
310118197707060650
310118197707060677
310118197707060693
310118197707060714
310118197707060730
310118197707060757
310118197707060773
31011819770706079X
310118197707060810
310118197707060837
310118197707060853
31011819770706087X
310118197707060896
310118197707060917
310118197707060933
31011819770706095X
310118197707060976
310118197707060992
310118197707061012
310118197707061039
310118197707061055
310118197707061071
310118197707061098
310118197707061119
310118197707061135
310118197707061151
310118197707061178
310118197707061194
310118197707061215
310118197707061231
310118197707061258
310118197707061274
310118197707061290
310118197707061311
310118197707061338
310118197707061354
310118197707061370
310118197707061397
310118197707061418
310118197707061434
310118197707061450
310118197707061477
310118197707061493
310118197707061514
310118197707061530
310118197707061557
310118197707061573
31011819770706159X
310118197707061610
310118197707061637
310118197707061653
31011819770706167X
310118197707061696
310118197707061717
310118197707061733
31011819770706175X
310118197707061776
310118197707061792
310118197707061813
31011819770706183X
310118197707061856
310118197707061872
310118197707061899
31011819770706191X
310118197707061936
310118197707061952
310118197707061979
310118197707061995
310118197707062015
310118197707062031
310118197707062058
310118197707062074
310118197707062090
310118197707062111
310118197707062138
310118197707062154
310118197707062170
310118197707062197
310118197707062218
310118197707062234
310118197707062250
310118197707062277
310118197707062293
310118197707062314
310118197707062330
310118197707062357
310118197707062373
31011819770706239X
310118197707062410
310118197707062437
310118197707062453
31011819770706247X
310118197707062496
310118197707062517
310118197707062533
31011819770706255X
310118197707062576
310118197707062592
310118197707062613
31011819770706263X
310118197707062656
310118197707062672
310118197707062699
31011819770706271X
310118197707062736
310118197707062752
310118197707062779
310118197707062795
310118197707062816
310118197707062832
310118197707062859
310118197707062875
310118197707062891
310118197707062912
310118197707062939
310118197707062955
310118197707062971
310118197707062998
310118197707063018
310118197707063034
310118197707063050
310118197707063077
310118197707063093
310118197707063114
310118197707063130
310118197707063157
310118197707063173
31011819770706319X
310118197707063210
310118197707063237
310118197707063253
31011819770706327X
310118197707063296
310118197707063317
310118197707063333
31011819770706335X
310118197707063376
310118197707063392
310118197707063413
31011819770706343X
310118197707063456
310118197707063472
310118197707063499
31011819770706351X
310118197707063536
310118197707063552
310118197707063579
310118197707063595
310118197707063616
310118197707063632
310118197707063659
310118197707063675
310118197707063691
310118197707063712
310118197707063739
310118197707063755
310118197707063771
310118197707063798
310118197707063819
310118197707063835
310118197707063851
310118197707063878
310118197707063894
310118197707063915
310118197707063931
310118197707063958
310118197707063974
310118197707063990
310118197707064010
310118197707064037
310118197707064053
31011819770706407X
310118197707064096
310118197707064117
310118197707064133
31011819770706415X
310118197707064176
310118197707064192
310118197707064213
31011819770706423X
310118197707064256
310118197707064272
310118197707064299
31011819770706431X
310118197707064336
310118197707064352
310118197707064379
310118197707064395
310118197707064416
310118197707064432
310118197707064459
310118197707064475
310118197707064491
310118197707064512
310118197707064539
310118197707064555
310118197707064571
310118197707064598
310118197707064619
310118197707064635
310118197707064651
310118197707064678
310118197707064694
310118197707064715
310118197707064731
310118197707064758
310118197707064774
310118197707064790
310118197707064811
310118197707064838
310118197707064854
310118197707064870
310118197707064897
310118197707064918
310118197707064934
310118197707064950
310118197707064977
310118197707064993
310118197707065013
31011819770706503X
310118197707065056
310118197707065072
310118197707065099
31011819770706511X
310118197707065136
310118197707065152
310118197707065179
310118197707065195
310118197707065216
310118197707065232
310118197707065259
310118197707065275
310118197707065291
310118197707065312
310118197707065339
310118197707065355
310118197707065371
310118197707065398
310118197707065419
310118197707065435
310118197707065451
310118197707065478
310118197707065494
310118197707065515
310118197707065531
310118197707065558
310118197707065574
310118197707065590
310118197707065611
310118197707065638
310118197707065654
310118197707065670
310118197707065697
310118197707065718
310118197707065734
310118197707065750
310118197707065777
310118197707065793
310118197707065814
310118197707065830
310118197707065857
310118197707065873
31011819770706589X
310118197707065910
310118197707065937
310118197707065953
31011819770706597X
310118197707065996
310118197707066016
310118197707066032
310118197707066059
310118197707066075
310118197707066091
310118197707066112
310118197707066139
310118197707066155
310118197707066171
310118197707066198
310118197707066219
310118197707066235
310118197707066251
310118197707066278
310118197707066294
310118197707066315
310118197707066331
310118197707066358
310118197707066374
310118197707066390
310118197707066411
310118197707066438
310118197707066454
310118197707066470
310118197707066497
310118197707066518
310118197707066534
310118197707066550
310118197707066577
310118197707066593
310118197707066614
310118197707066630
310118197707066657
310118197707066673
31011819770706669X
310118197707066710
310118197707066737
310118197707066753
31011819770706677X
310118197707066796
310118197707066817
310118197707066833
31011819770706685X
310118197707066876
310118197707066892
310118197707066913
31011819770706693X
310118197707066956
310118197707066972
310118197707066999
310118197707067019
310118197707067035
310118197707067051
310118197707067078
310118197707067094
310118197707067115
310118197707067131
310118197707067158
310118197707067174
310118197707067190
310118197707067211
310118197707067238
310118197707067254
310118197707067270
310118197707067297
310118197707067318
310118197707067334
310118197707067350
310118197707067377
310118197707067393
310118197707067414
310118197707067430
310118197707067457
310118197707067473
31011819770706749X
310118197707067510
310118197707067537
310118197707067553
31011819770706757X
310118197707067596
310118197707067617
310118197707067633
31011819770706765X
310118197707067676
310118197707067692
310118197707067713
31011819770706773X
310118197707067756
310118197707067772
310118197707067799
31011819770706781X
310118197707067836
310118197707067852
310118197707067879
310118197707067895
310118197707067916
310118197707067932
310118197707067959
310118197707067975
310118197707067991
310118197707068011
310118197707068038
310118197707068054
310118197707068070
310118197707068097
310118197707068118
310118197707068134
310118197707068150
310118197707068177
310118197707068193
310118197707068214
310118197707068230
310118197707068257
310118197707068273
31011819770706829X
310118197707068310
310118197707068337
310118197707068353
31011819770706837X
310118197707068396
310118197707068417
310118197707068433
31011819770706845X
310118197707068476
310118197707068492
310118197707068513
31011819770706853X
310118197707068556
310118197707068572
310118197707068599
31011819770706861X
310118197707068636
310118197707068652
310118197707068679
310118197707068695
310118197707068716
310118197707068732
310118197707068759
310118197707068775
310118197707068791
310118197707068812
310118197707068839
310118197707068855
310118197707068871
310118197707068898
310118197707068919
310118197707068935
310118197707068951
310118197707068978
310118197707068994
310118197707069014
310118197707069030
310118197707069057
310118197707069073
31011819770706909X
310118197707069110
310118197707069137
310118197707069153
31011819770706917X
310118197707069196
310118197707069217
310118197707069233
31011819770706925X
310118197707069276
310118197707069292
310118197707069313
31011819770706933X
310118197707069356
310118197707069372
310118197707069399
31011819770706941X
310118197707069436
310118197707069452
310118197707069479
310118197707069495
310118197707069516
310118197707069532
310118197707069559
310118197707069575
310118197707069591
310118197707069612
310118197707069639
310118197707069655
310118197707069671
310118197707069698
310118197707069719
310118197707069735
310118197707069751
310118197707069778
310118197707069794
310118197707069815
310118197707069831
310118197707069858
310118197707069874
310118197707069890
310118197707069911
310118197707069938
310118197707069954
310118197707069970
310118197707069997
310118197708060011
310118197708060038
310118197708060054
310118197708060070
310118197708060097
310118197708060118
310118197708060134
310118197708060150
310118197708060177
310118197708060193
310118197708060214
310118197708060230
310118197708060257
310118197708060273
31011819770806029X
310118197708060310
310118197708060337
310118197708060353
31011819770806037X
310118197708060396
310118197708060417
310118197708060433
31011819770806045X
310118197708060476
310118197708060492
310118197708060513
31011819770806053X
310118197708060556
310118197708060572
310118197708060599
31011819770806061X
310118197708060636
310118197708060652
310118197708060679
310118197708060695
310118197708060716
310118197708060732
310118197708060759
310118197708060775
310118197708060791
310118197708060812
310118197708060839
310118197708060855
310118197708060871
310118197708060898
310118197708060919
310118197708060935
310118197708060951
310118197708060978
310118197708060994
310118197708061014
310118197708061030
310118197708061057
310118197708061073
31011819770806109X
310118197708061110
310118197708061137
310118197708061153
31011819770806117X
310118197708061196
310118197708061217
310118197708061233
31011819770806125X
310118197708061276
310118197708061292
310118197708061313
31011819770806133X
310118197708061356
310118197708061372
310118197708061399
31011819770806141X
310118197708061436
310118197708061452
310118197708061479
310118197708061495
310118197708061516
310118197708061532
310118197708061559
310118197708061575
310118197708061591
310118197708061612
310118197708061639
310118197708061655
310118197708061671
310118197708061698
310118197708061719
310118197708061735
310118197708061751
310118197708061778
310118197708061794
310118197708061815
310118197708061831
310118197708061858
310118197708061874
310118197708061890
310118197708061911
310118197708061938
310118197708061954
310118197708061970
310118197708061997
310118197708062017
310118197708062033
31011819770806205X
310118197708062076
310118197708062092
310118197708062113
31011819770806213X
310118197708062156
310118197708062172
310118197708062199
31011819770806221X
310118197708062236
310118197708062252
310118197708062279
310118197708062295
310118197708062316
310118197708062332
310118197708062359
310118197708062375
310118197708062391
310118197708062412
310118197708062439
310118197708062455
310118197708062471
310118197708062498
310118197708062519
310118197708062535
310118197708062551
310118197708062578
310118197708062594
310118197708062615
310118197708062631
310118197708062658
310118197708062674
310118197708062690
310118197708062711
310118197708062738
310118197708062754
310118197708062770
310118197708062797
310118197708062818
310118197708062834
310118197708062850
310118197708062877
310118197708062893
310118197708062914
310118197708062930
310118197708062957
310118197708062973
31011819770806299X
31011819770806301X
310118197708063036
310118197708063052
310118197708063079
310118197708063095
310118197708063116
310118197708063132
310118197708063159
310118197708063175
310118197708063191
310118197708063212
310118197708063239
310118197708063255
310118197708063271
310118197708063298
310118197708063319
310118197708063335
310118197708063351
310118197708063378
310118197708063394
310118197708063415
310118197708063431
310118197708063458
310118197708063474
310118197708063490
310118197708063511
310118197708063538
310118197708063554
310118197708063570
310118197708063597
310118197708063618
310118197708063634
310118197708063650
310118197708063677
310118197708063693
310118197708063714
310118197708063730
310118197708063757
310118197708063773
31011819770806379X
310118197708063810
310118197708063837
310118197708063853
31011819770806387X
310118197708063896
310118197708063917
310118197708063933
31011819770806395X
310118197708063976
310118197708063992
310118197708064012
310118197708064039
310118197708064055
310118197708064071
310118197708064098
310118197708064119
310118197708064135
310118197708064151
310118197708064178
310118197708064194
310118197708064215
310118197708064231
310118197708064258
310118197708064274
310118197708064290
310118197708064311
310118197708064338
310118197708064354
310118197708064370
310118197708064397
310118197708064418
310118197708064434
310118197708064450
310118197708064477
310118197708064493
310118197708064514
310118197708064530
310118197708064557
310118197708064573
31011819770806459X
310118197708064610
310118197708064637
310118197708064653
31011819770806467X
310118197708064696
310118197708064717
310118197708064733
31011819770806475X
310118197708064776
310118197708064792
310118197708064813
31011819770806483X
310118197708064856
310118197708064872
310118197708064899
31011819770806491X
310118197708064936
310118197708064952
310118197708064979
310118197708064995
310118197708065015
310118197708065031
310118197708065058
310118197708065074
310118197708065090
310118197708065111
310118197708065138
310118197708065154
310118197708065170
310118197708065197
310118197708065218
310118197708065234
310118197708065250
310118197708065277
310118197708065293
310118197708065314
310118197708065330
310118197708065357
310118197708065373
31011819770806539X
310118197708065410
310118197708065437
310118197708065453
31011819770806547X
310118197708065496
310118197708065517
310118197708065533
31011819770806555X
310118197708065576
310118197708065592
310118197708065613
31011819770806563X
310118197708065656
310118197708065672
310118197708065699
31011819770806571X
310118197708065736
310118197708065752
310118197708065779
310118197708065795
310118197708065816
310118197708065832
310118197708065859
310118197708065875
310118197708065891
310118197708065912
310118197708065939
310118197708065955
310118197708065971
310118197708065998
310118197708066018
310118197708066034
310118197708066050
310118197708066077
310118197708066093
310118197708066114
310118197708066130
310118197708066157
310118197708066173
31011819770806619X
310118197708066210
310118197708066237
310118197708066253
31011819770806627X
310118197708066296
310118197708066317
310118197708066333
31011819770806635X
310118197708066376
310118197708066392
310118197708066413
31011819770806643X
310118197708066456
310118197708066472
310118197708066499
31011819770806651X
310118197708066536
310118197708066552
310118197708066579
310118197708066595
310118197708066616
310118197708066632
310118197708066659
310118197708066675
310118197708066691
310118197708066712
310118197708066739
310118197708066755
310118197708066771
310118197708066798
310118197708066819
310118197708066835
310118197708066851
310118197708066878
310118197708066894
310118197708066915
310118197708066931
310118197708066958
310118197708066974
310118197708066990
310118197708067010
310118197708067037
310118197708067053
31011819770806707X
310118197708067096
310118197708067117
310118197708067133
31011819770806715X
310118197708067176
310118197708067192
310118197708067213
31011819770806723X
310118197708067256
310118197708067272
310118197708067299
31011819770806731X
310118197708067336
310118197708067352
310118197708067379
310118197708067395
310118197708067416
310118197708067432
310118197708067459
310118197708067475
310118197708067491
310118197708067512
310118197708067539
310118197708067555
310118197708067571
310118197708067598
310118197708067619
310118197708067635
310118197708067651
310118197708067678
310118197708067694
310118197708067715
310118197708067731
310118197708067758
310118197708067774
310118197708067790
310118197708067811
310118197708067838
310118197708067854
310118197708067870
310118197708067897
310118197708067918
310118197708067934
310118197708067950
310118197708067977
310118197708067993
310118197708068013
31011819770806803X
310118197708068056
310118197708068072
310118197708068099
31011819770806811X
310118197708068136
310118197708068152
310118197708068179
310118197708068195
310118197708068216
310118197708068232
310118197708068259
310118197708068275
310118197708068291
310118197708068312
310118197708068339
310118197708068355
310118197708068371
310118197708068398
310118197708068419
310118197708068435
310118197708068451
310118197708068478
310118197708068494
310118197708068515
310118197708068531
310118197708068558
310118197708068574
310118197708068590
310118197708068611
310118197708068638
310118197708068654
310118197708068670
310118197708068697
310118197708068718
310118197708068734
310118197708068750
310118197708068777
310118197708068793
310118197708068814
310118197708068830
310118197708068857
310118197708068873
31011819770806889X
310118197708068910
310118197708068937
310118197708068953
31011819770806897X
310118197708068996
310118197708069016
310118197708069032
310118197708069059
310118197708069075
310118197708069091
310118197708069112
310118197708069139
310118197708069155
310118197708069171
310118197708069198
310118197708069219
310118197708069235
310118197708069251
310118197708069278
310118197708069294
310118197708069315
310118197708069331
310118197708069358
310118197708069374
310118197708069390
310118197708069411
310118197708069438
310118197708069454
310118197708069470
310118197708069497
310118197708069518
310118197708069534
310118197708069550
310118197708069577
310118197708069593
310118197708069614
310118197708069630
310118197708069657
310118197708069673
31011819770806969X
310118197708069710
310118197708069737
310118197708069753
31011819770806977X
310118197708069796
310118197708069817
310118197708069833
31011819770806985X
310118197708069876
310118197708069892
310118197708069913
31011819770806993X
310118197708069956
310118197708069972
310118197708069999